-0.3138034488870163
-0.17796732672594054
0.0001917827865707357
-5.5634987407795836e-05
-0.00024407950878385548
-0.00382966403033974
0.000249359716458349
1.4452008185224344e-05
0.00020534676450732861
-0.08633128936679871
-0.8223506439856297
0.002934329442130514
-0.00015545853720394772
-0.00015055934166763665
-0.00015818298260783766
-8.892921837629186e-05
-0.1336800275281516
-0.00024697530355554477
-0.22767852544895195
-0.0010828745390063712
6.662740641714644e-05
0.00016473011910956932
-0.0002499866724957368
0.00015414771047973672
0.8317957098336297
0.13803104549233078
-0.019765994176965243
1.020523019194894
-0.00928609968745047
0.00019600343530598778
-0.00015940773369589812
0.002957449729011538
0.00014145493183638272
0.00018459438368223591
7.26698671217796e-05
0.031054675286168773
-0.07325998803978305
-0.08920565600288743
0.00024939510267046276
0.019222752770571012
0.0002404694571413188
0.002698115667953491
-0.031868598760996715
7.394037577039566e-05
-0.00018645711761494045
-0.14087890122778413
-0.00024572889485661135
0.0002018643269164958
-0.00010006856809232213
-0.12902378070785664
0.05381247093534842
-0.00021630769761701594
0.00015044935987632956
-0.06078298288553079
0.7131360705361582
-0.0047494962747202715
-2.1152556961159623e-05
6.934057292809679e-06
-0.00013032229946126385
0.000165621153006145
0.00017586199645327287
-0.00014529153713574482
-0.0332877153904594
-0.027867067036105395
-0.0037149021950415467
0.00019183433331988484
0.0001781222764913035
-0.00021965980925621722
0.00019264051453707473
5.432787786188222e-05
-0.00024479412492553194
-0.2421084536581913
-0.44388881215659665
-0.0015308348277381077
0.00023006963809331122
-0.00011368694508388303
-0.00013904888638044939
-4.639438449701652e-05
-0.00022766087576140111
0.00020125991159494538
-0.3237664215495655
-1.1962084410501492
-0.0023446681549580146
0.00021193475146508422
-0.00010150750452149465
-0.00014794488210190642
-9.588147781288694e-05
-0.00020075531259104262
0.0002060260344694176
-0.15891082335700515
-0.2825261305189342
0.0005109603048083787
0.0001478244512056135
-0.00024762633196465854
-2.554997458731103e-05
5.889957346216668e-05
0.00023056947374311157
-0.00023718440497150448
0.38592131620332243
0.3891192484765752
-0.00023688073093139082
0.0045468107971741185
6.322406203248187e-05
0.0002454708559857942
-1.7400628103665497e-05
-2.0624264736030082e-05
-0.0001889219980624748
0.566961531654372
