3.600679627307544
5.110394755891242
0.2868035231193735
-0.1443734005677091
0.3880020508672448
0.31372020317722704
-0.05129865890017982
0.4367650303205677
0.04763477861242027
-0.8203195915486599
1.6303659563382311
1.1287391630431545
0.4681313070760571
0.6124303293671485
-0.26044601763954
0.24065176512839503
-0.01883796374079516
1.2208708186299706
-0.9846878157395365
-0.7594080508883785
-1.0483425377120377
-0.5440744236057773
-0.9665534552720225
-0.8950152962392277
3.7694501403522507
6.503327980938288
1.517962503998321
2.993577099910712
1.2251662630917837
-0.05651890016595296
-0.13149087265230142
-0.4358097842045696
-0.8185140824331465
-0.6949335559617116
0.5589352130620822
0.6586917618268018
-0.7272911949219538
3.5851340413307016
6.445039687560472
0.5342517596862977
0.4778667364808258
0.6752901221341294
0.709329754395585
-0.1324800917668063
0.6702966049809409
-1.0562170523172165
-0.7466635481697126
-0.8809746761414958
-0.7062993981296901
3.821742790975164
8.056993003997578
0.9939128656609828
0.23508392822995372
0.9683187514848646
0.18018609732626434
1.423910805127261
-1.1368092497384528
-1.1463495527738878
-1.135893168271928
-0.7988923201291778
-1.071364193558495
-1.0700462989938306
1.7705873911778243
-0.9803921536694462
1.956726905280866
-1.1521282727775775
-1.2064202934262531
-0.9870283921297931
-1.0131891995955715
-0.8930581736769603
-0.9304713212077287
11.146394376683054
-0.3468386161425192
2.3881332088833807
-1.164177224911093
-0.35589457743081
-0.26766066400806343
-0.8774236855864039
-0.9317521985863557
-1.0736626603847361
12.495742586232138
1.0056421462290475
2.528067588836466
-1.1466440020076922
-0.3105952905915319
-0.2554279170018021
-0.8571779694950159
-0.8878114446433871
-1.033648155626163
11.256126757904072
-0.4862261530315224
2.3469225541034664
-1.13687458856249
-0.12376591161124928
0.06806795053733383
-0.886436357364897
-0.9609502458681543
-1.0679830720522179
5.280207511432598
-0.43101217994080043
-0.6959211125181399
0.9023874337571205
1.8793294915323981
-0.1515014248243478
0.08397599441691694
-0.9525965225132578
-0.900551733729912
4.966982119441608
