2.1238047101452757
2.200196943974055
2.247695479916177
1.7531837748140449
2.273097442269421
1.0017201845340322
1.0646203577925795
1.7727292500682277
1.8079538656552716
2.0418627090289347
2.227873043070885
2.203994056122898
2.1480699111392796
2.064199677154944
1.1618611749647763
1.2295026733630714
1.4915348171383926
1.650026416674987
2.2173557433515074
1.8540746782451771
1.139215498731195
1.4829191214297697
2.2425140995409185
2.1902089293103426
1.9841706089110014
1.6755250344585346
1.4503970404171074
1.4349383260169815
0.9295585837082119
1.7647866760554949
1.8354046565817201
1.8737065755937121
1.7485536806977082
1.6190667642928895
1.662918665551168
1.745413878796085
2.127818294629238
2.2912516613406497
2.1930967967331867
1.9723272653052255
1.230555347678693
1.7172874869964192
1.7741833819731867
1.847077362603792
1.22946315398338
1.961885678894205
2.2642216193760336
2.2542184411048494
2.117687986900497
1.3642144884580247
1.2126042930477867
1.5031258249452284
1.3164433112771594
1.39402168216
1.9996023009918242
2.1564725324695453
2.2428406321818977
2.145006264668503
2.0841400945831503
2.284053306761722
2.2374158835154923
2.146416071900545
1.0814744898295023
2.0994909274319964
2.293954622858979
2.170787142019512
2.2698073667002916
2.2277477732487223
2.2355619631843475
2.1914694917700914
2.0058167307772647
1.0413520194693904
2.1435701528255064
2.2743040116557713
2.160799243953029
2.26531266355789
2.1389413956025005
2.2621189118797127
2.2947223135993977
1.9098405929540307
1.4588711545229938
2.1664221720785197
2.224855369618506
2.22438397341546
2.1312560722655887
2.2461269472379994
2.233911333979464
2.28882667960028
1.7155135019192813
1.3299128716152788
1.9027967757925235
2.2816963607288794
2.2622202615089093
2.113159797793149
2.2499738355138623
2.292451768465353
2.250700076542492
2.283047505154025
1.0651847892113544
2.23831398193263
2.176695568455641
1.6879366827528952
2.2755165869469676
1.8649230847088236
1.134391758692804
1.1508695809532827
2.1960011386828726
1.7798416460308075
