-0.12846186423765393
0.33481325986102856
0.007931540176051724
-0.0281778179531417
0.0013169858651606366
0.38212240930810704
0.0024543651371277033
0.00023128030583110414
-0.03577163248636545
-0.15684429492489269
-0.3342968259414647
-0.00932976601657893
0.0013836744678882263
-0.020135161044018773
1.6605721958069597
0.09216100091245846
-9.301183908737858e-05
0.00018961778308258367
-0.0710321399312986
0.8502703741339066
0.15610196380345043
-0.0002940113762601829
5.396648704664238e-05
-6.723401232200386e-05
-6.648415360852588e-05
9.815489556344061e-05
0.00021286896332501512
0.806012147239602
3.918704160368641e-05
-0.00026047002709300525
-0.00018294699550600957
0.001856215900545107
-0.00023299186024146405
-0.00013217337525190905
0.023912478267463875
-4.2206761108166464e-05
0.0646898118709185
0.007348780762941243
-0.053127701491894774
-0.8835398032562684
0.08361545742250884
0.00010965277888298121
0.00012135819420328965
0.00024490431891140645
-0.043281275036777964
-0.17513166892344126
0.14824144911918438
0.07054571114677924
0.005312944813964325
1.9468816799899042
0.02310776401232343
-0.0002098378859951602
-0.00010767552884873077
0.00011401717178999793
-0.4103952793115176
-0.11497036094145831
-0.0014543144475609809
0.00032170251901964274
-0.0015180025864284668
0.0012559363174055118
-0.0006152504004359464
-0.00037237236360606257
-1.4401440243819468
0.017669196614257247
0.012802537250120727
0.00784933721031766
0.004850297879376589
-0.00027066619581340604
-0.00034844979384044187
-0.0003065276410331773
-0.0002428935911353937
-1.8158067157289945
-0.5039482951574012
-0.020522972904052795
0.06300976690510197
0.06046495973754267
-0.00556937876824924
-0.05041411303130205
0.0026353618721851025
-0.016938000748039098
-2.2984918843193185
-0.39169584707431
0.03578131966801441
-0.05380380262264397
0.057097600855474474
0.06252883232924347
-0.005801992081911549
-0.00272843399774872
0.01882908967011073
-2.439134843601487
-0.6074442808227489
0.036936434771657874
-0.016677301589368695
0.04167403458393056
0.04317217990607599
-0.00036467778321044365
-0.0005391595610692803
0.0005325790203269637
-1.7131898938332206
0.08823364345430929
0.00016175866739518802
-0.004615147864236784
0.002589202565468914
0.02214840236322805
1.410020587494889
0.01950576960496055
-0.0005065587101538883
0.00017299740035520538
