-0.806538022821019
-0.746203480016125
-1.1789999317426938
1.5685319768004709
-1.2247261938038316
10.130136233664993
10.503866504978165
0.8043985091319028
0.1830044954831589
-1.4626979647108165
-0.6962925691617037
-1.4193077723805765
-1.1600412808821932
0.0803967117537856
12.915880319908176
3.782872429113752
2.1745761099323806
0.4318686462264276
-1.4009262846183839
0.5766681451918463
4.733047492150736
2.2623733142849316
-1.128824231735606
-0.6838978358722465
0.1971549316949468
0.850049939556508
1.2520286974895036
4.4599543179408
20.806471156852584
0.5277814275690518
0.1658154992129699
0.4555547796390096
0.2957822508090664
0.5685361281022345
0.16685436439686452
0.24940186308029677
-1.4700566737951308
-1.2276306483616888
-1.5142751441934068
0.35937393754875524
4.426474898880366
1.010843497954963
0.3258642644744363
-0.021320697193271343
2.233109556715964
-1.53693897354809
-0.8530938030350517
-1.168076634544634
-1.2953879510434645
10.538201941963266
3.20357974628626
2.5950674540827254
4.798878415488891
2.1566348835775875
-0.42584959779086295
-0.6119875608697316
-1.137980272931128
-0.29622490053595385
-0.22048874257004014
-1.383605512752359
-0.8810969150410255
-0.7031878756081582
16.723442649757523
-1.2461692577901045
-1.3066235733744922
-1.200285723764415
-1.3856019847215266
-0.9926345332141571
-1.195094497179969
-0.4977776296861367
0.1901425227952962
17.538729360589226
-0.8349838897341701
-1.1339714273001025
-0.5196427824464624
-1.4455041008679042
-0.3532330216405315
-1.441101658833736
-1.3229541679661558
0.023975851444044682
8.738036319894617
-0.8915337303677799
-1.0822995045109003
-1.5011984829944183
-0.4107654938879217
-1.460300635082471
-0.9274349693561112
-1.3743404077002117
1.3718009881433666
9.829592366184217
-1.0602427763512297
-1.251636473715477
-1.4579201033998226
-0.4189720474595795
-1.4538845888116836
-1.3307158286066025
-1.3693374304532577
-1.2388208087840626
13.993009986062699
-1.1123676112389658
-1.016593461838936
2.2244548277437843
-1.4284450569028972
1.0508767555999983
11.68358054162706
5.71122022341387
-1.3734247900720749
-0.056088604374453066
