1.7731978074457686
1.3901793901440007
1.396127053288208
1.877669105428056
1.7712466719675275
1.7509638733505897
1.7688550916801677
1.7887544027599251
1.762311084476917
2.0848596836471955
1.8778297298705402
1.225295578590224
1.7045530073640776
1.9252208897543406
1.8566872670661085
1.7703002946935869
1.9513540732900387
1.5132476094246057
1.9661376001568749
2.284905099745691
2.285723896407246
2.059567690780217
2.2682777823897475
2.292910181178214
1.5067253297924494
1.088438720199427
1.3732185062372688
1.6281200773846038
1.4151967644664285
1.8317247817179905
1.7083143581697715
1.5668722015052647
2.127730521607215
2.1675908954620176
1.825006709455483
1.521244052374965
2.2606037487288773
1.5711829307249947
1.7183350189821176
1.2314209613443217
1.3583939255783934
1.8161591361635803
1.8779999267810454
1.8426457288785365
1.7369956340728672
2.1642329492770713
2.2849478059236
2.215691495027108
2.2849069725718723
1.9046894947904327
0.7814037691791978
1.34498349312537
1.5506207985703016
1.4868638934011362
2.1441753074133736
2.1693882744241186
2.2547769616641027
2.0401737280185595
2.293347723636803
2.2205589790589526
2.156369084005001
2.29200520238965
1.3205943621153682
2.2464814337122387
2.158022386085056
2.2844028353929877
2.1102163358025665
2.290056729309066
2.113401039619535
2.232943835047223
2.287959736778156
0.9026598901369521
2.228963154631478
2.126018880541302
2.261473733651949
2.1370231008946656
2.2006835698001215
2.245095086150121
2.27032511473049
2.2204542122438533
1.162378066901752
2.1601440134597976
2.210551938184172
2.266192696309574
2.15793795582502
2.2342223513129102
2.2473509660692486
2.2548898717950054
2.2245055477166464
1.1098558227503221
2.1696644080705765
2.235063917066034
2.2708626060841937
2.2797600323161085
2.2880362361651647
2.141147751106933
2.2698523457976014
2.276171538776701
0.8252900188508397
2.023328915606732
2.283930482514142
2.204446227267832
2.221461853112277
2.2842431231647167
2.2032245401280504
2.240452242355002
2.294851919863917
1.1273111749765747
