2.263586392971912
5.479776873459096
1.9621120765696567
0.10663928397430888
0.1907725455102831
0.1959480553028281
-0.10754057940828421
-0.042762386484648474
0.520072452045143
-0.047526874714224565
1.2156039148840652
3.837134805110355
0.3742736070527295
-0.01752031382419217
-0.17526699783546418
0.1355684630568077
-0.088639069679747
1.6358068515597441
0.8149554140249387
-1.338017095346979
-1.3310840071163301
-1.0174153441814802
-1.3787663034178599
-1.32422872463715
3.733728605175015
10.342603092810444
2.746105306198695
2.927396276820031
2.0262022637096795
0.31059546471754995
0.8177672580543511
0.8402787090657053
-0.5860197201554285
-0.9138009560695557
-0.09695504247675224
1.2867180034668202
-0.9573583247352131
4.943037805387893
1.732665656018039
7.566195261060569
2.1600343963111373
0.1328821491104768
0.07340531685786589
-0.20211013207114625
0.6033388367993204
-0.5217075158157138
-1.09244184130377
-1.5090450736554488
-1.3533323827189774
1.126622575094454
14.187751018810648
2.4512041429072546
1.148782051787136
1.4267207628098246
-0.9234416238241101
-0.6195775956402079
-1.319477766447874
-0.6365135781392866
-1.3170410873042273
-0.8834477260883049
-0.2540892035482525
-1.204377999941922
4.612192297779443
-1.0125829498516443
-0.9902212732802442
-1.3063530297163546
-0.6958315065881018
-1.3733629657421846
-0.3907563888794465
-1.0535105644201619
-1.3246003257669559
11.148429479658605
-0.7561784926240529
-0.506534396849768
-1.36625087266018
-0.7549084748716961
-1.024247067412485
-1.194148148155164
-1.1595463367241932
-1.0210947377764674
12.911858886740468
-0.46736584610942344
-0.8120902238072945
-1.3518450493529452
-0.9294488331652433
-1.039189032363304
-1.1750626091544367
-1.1605277186628842
-1.0771734450334876
13.15732448610865
-0.5120263798295155
-0.8357029075684821
-1.3096907518070613
-1.2931135883426261
-1.3405368142230196
-0.6075865475446758
-1.1374476393632398
-1.2765534432794878
12.05845856956892
-0.46548381784069326
-1.1065395198775123
-0.703238815482071
-0.7674383698184668
-1.285269189716859
-0.9187198171396047
-1.2423605415517474
-1.2502873603672806
12.664506959006859
