-0.6839031446010613
-0.26358847240928107
4.409816127054043e-05
8.711940087718989e-05
0.0001034702918544106
-0.02042404775887179
-0.00018262736496281644
-0.00024518923453675594
-0.00014387787813283144
-0.49040986688253435
-0.9235961608068715
-0.005099753312730808
-3.582711859754744e-05
0.00020909808905094572
-0.00022077039909910578
-0.00024524090272546695
0.05137985326978744
0.00022811008324003643
-0.8841430954978572
0.012461807741814736
0.0018138763896084916
0.001444871816187875
0.001259868587361825
-0.0020077092848277364
-0.3614087025255334
0.5515449724297442
0.01993809681273543
1.029093748361847
-0.044724362061192305
-0.0003197358300453336
4.601936929832812e-05
0.00021790332915517504
-0.00014963445300311847
-1.1077031633587674e-05
-0.00017098307797753685
-0.03016687340560205
0.27819410479905105
1.4654914533681993
0.00015169672361226813
-0.23532462697721018
9.450519595976387e-06
0.00012119494528215704
-0.02428419382134191
-0.00018781792029200686
-0.00017736684664624528
-0.6213526672097517
-0.04777374766192948
-0.04792026313680452
0.0007011350925696392
-1.0666140025986826
0.3532383227996042
0.00021061829015077963
0.00023709884661698345
-0.04050914454747408
0.08283972453582052
-0.001274915807722898
0.0020148965069963147
0.006388457304041046
0.0007621546732526503
0.004129640830488573
2.0946436023062334e-05
0.0009944832578859854
0.21716665374855362
0.26612384536819916
-0.004619498651015188
-0.00282646935741138
-0.0021268974598079426
0.0005371022268695836
0.0010636546594538956
0.0011665262111756694
0.0006744217771643056
0.5877002346539321
-0.16057347029448607
-0.00030585721096309805
-0.0028074364607365396
0.0023209165244845982
-0.0007915099264496101
0.001112385171784056
0.0005450056030911772
-0.0012573292294622616
1.2569552640712622
-0.6673561846525552
-0.003000645662827289
-0.0021169536053687807
0.001984982899065379
-0.0003299113491196078
0.0010606344322028661
0.00048424326478265796
-0.001319147098286707
1.2730837189594122
0.45598353112138534
-0.004106774515534078
-0.0013304945770510185
0.000695667617274111
-0.0003148565770756034
-0.0007388271238913241
-0.00020490148525356813
0.0006649753285560021
0.7603141011826431
0.49645864085979086
-0.04212347320683042
0.008234647792775641
-0.0014146442926270982
0.00047460924250959066
0.0007326154990036979
-0.00025483735294237075
2.4700541583804395e-05
0.7796192176019935
